log10(Re)	PI
-1.810308182784272  0.3743016759776536
-1.5499468650371946 0.3737430167597765
-1.3044633368756642 0.37402234636871506
-1.055260361317747  0.3737430167597765
-0.8023379383634432 0.3745810055865922
-0.5456960680127525 0.376536312849162
-0.3076514346439958 0.3815642458100559
-0.05472901168969191    0.3935754189944134
0.19447396386822513 0.4134078212290503
0.447396386822529   0.4393854748603352
0.6965993623804465  0.46564245810055865
0.9495217853347504  0.48743016759776536
1.1987247608926674  0.5022346368715084