log10(Re), pi_mean, pi_min, pw_max
-1.8088071348940913, 0.3734948604992658, 0.36292217327459614, 0.3849486049926578
-1.5590858416945372, 0.3734948604992658, 0.36262848751835536, 0.38465491923641704
-1.3054626532887403, 0.3734948604992658, 0.36262848751835536, 0.38465491923641704
-1.0596432552954291, 0.3740822320117474, 0.36262848751835536, 0.3849486049926578
-0.8099219620958751, 0.3734948604992658, 0.36292217327459614, 0.3849486049926578
-0.556298773690078, 0.37643171806167397, 0.36497797356828193, 0.3870044052863436
-0.310479375696767, 0.3817180616740088, 0.37085168869309837, 0.39229074889867843
-0.05685618729096986, 0.39405286343612334, 0.3843612334801762, 0.40345080763582963
0.18896321070234112, 0.41372980910425844, 0.40550660792951543, 0.4222466960352423
0.44258639910813846, 0.4401615271659325, 0.43281938325991187, 0.44662261380323054
0.6962095875139354, 0.465712187958884, 0.45983847283406754, 0.4718795888399413
0.9420289855072466, 0.48744493392070487, 0.48215859030837005, 0.49302496328928047
1.1878483835005573, 0.5027165932452277, 0.497136563876652, 0.5080029368575625
